[gd_scene load_steps=8 format=1]

[ext_resource path="res://Scripts/Player.gd" type="Script" id=1]
[ext_resource path="res://Models/DAE/Astrid.scn" type="PackedScene" id=2]
[ext_resource path="res://Objects/Environment/Environment.tres" type="Environment" id=3]
[ext_resource path="res://Materials/CharmParticles.tres" type="Material" id=4]

[sub_resource type="SphereShape" id=1]

radius = 0.26

[sub_resource type="Animation" id=2]

length = 0.5
loop = false
step = 0.1
tracks/0/type = "value"
tracks/0/path = NodePath(".:transform/local")
tracks/0/interp = 1
tracks/0/imported = false
tracks/0/keys = { "times":FloatArray( 0, 0.3, 0.5 ), "transitions":FloatArray( 1, 1, 1 ), "update":0, "values":[ Transform( 1, 8.46764e-08, -3.58063e-08, -6.2557e-08, 0.5, 0.866026, 7.7401e-08, -0.866026, 0.5, 0, 6, 7 ), Transform( 1.19209e-07, 0.573576, -0.819152, -8.9407e-08, 0.819152, 0.573576, 1, 2.98023e-08, 1.78814e-07, -2.5, 3, 0 ), Transform( -1, 1.28645e-08, -1.43225e-07, -4.88703e-08, 0.906308, 0.422618, 1.35243e-07, 0.422618, -0.906308, 0, 2, -2.5 ) ] }

[sub_resource type="Animation" id=3]

length = 0.5
loop = false
step = 0.1
tracks/0/type = "value"
tracks/0/path = NodePath(".:transform/local")
tracks/0/interp = 1
tracks/0/imported = false
tracks/0/keys = { "times":FloatArray( 0, 0.3, 0.5 ), "transitions":FloatArray( 1, 1, 1 ), "update":0, "values":[ Transform( -1, 1.28645e-08, -1.43225e-07, -4.88703e-08, 0.906308, 0.422618, 1.35243e-07, 0.422618, -0.906308, 0, 2, -2.5 ), Transform( 0, -0.573576, 0.819152, -8.9407e-08, 0.819152, 0.573576, -1, -5.96046e-08, 0, 2.5, 3, 0 ), Transform( 1, 8.46764e-08, -3.58063e-08, -6.2557e-08, 0.5, 0.866026, 7.7401e-08, -0.866026, 0.5, 0, 6, 7 ) ] }

[node name="Player" type="RigidBody"]

_import_transform = Transform( 1, 0, 0, 0, 1, 0, 0, 0, 1, 0, 0, 0 )
transform/local = Transform( 1, 0, 0, 0, 1, 0, 0, 0, 1, 0, 2, 0 )
input/ray_pickable = true
input/capture_on_drag = false
shape_count = 1
shapes/0/shape = SubResource( 1 )
shapes/0/transform = Transform( 1, 0, 0, 0, 1, 0, 0, 0, 1, 0, 0.25, 0 )
shapes/0/trigger = false
collision/layers = 1
collision/mask = 3
mode = 2
mass = 1.0
friction = 0.0
bounce = 0.0
gravity_scale = 2.0
custom_integrator = false
continuous_cd = true
contacts_reported = 3
contact_monitor = false
sleeping = false
can_sleep = false
axis_lock = 0
velocity/linear = Vector3( 0, 0, 0 )
velocity/angular = Vector3( 0, 0, 0 )
damp_override/linear = -1.0
damp_override/angular = -1.0
script/script = ExtResource( 1 )

[node name="CollisionShape" type="CollisionShape" parent="."]

_import_transform = Transform( 1, 0, 0, 0, 1, 0, 0, 0, 1, 0, 0, 0 )
transform/local = Transform( 1, 0, 0, 0, 1, 0, 0, 0, 1, 0, 0.25, 0 )
shape = SubResource( 1 )
trigger = false
_update_shape_index = 0

[node name="Astrid" parent="CollisionShape" instance=ExtResource( 2 )]

transform/local = Transform( 0.25, 0, 0, 0, 0.25, 0, 0, 0, 0.25, 0, -0.25, 0 )

[node name="Camera" type="Camera" parent="."]

_import_transform = Transform( 1, 0, 0, 0, 1, 0, 0, 0, 1, 0, 0, 0 )
transform/local = Transform( 1, 8.46764e-08, -3.58063e-08, -6.2557e-08, 0.5, 0.866026, 7.7401e-08, -0.866026, 0.5, 0, 6, 7 )
projection = 0
fov = 60.0
near = 0.1
far = 30.0
keep_aspect = 1
current = false
visible_layers = 1048575
environment = ExtResource( 3 )
h_offset = 0.0
v_offset = 0.0

[node name="AnimationPlayer" type="AnimationPlayer" parent="Camera"]

playback/process_mode = 1
playback/default_blend_time = 0.0
root/root = NodePath("..")
anims/Restore = SubResource( 2 )
anims/Reverse = SubResource( 3 )
playback/active = true
playback/speed = 1.0
blend_times = [  ]
autoplay = ""

[node name="Particles" type="Particles" parent="."]

_import_transform = Transform( 1, 0, 0, 0, 1, 0, 0, 0, 1, 0, 0, 0 )
transform/local = Transform( 1, 0, 0, 0, 1, 0, 0, 0, 1, 0, 0.25, 0.1 )
layers = 1
geometry/visible = true
geometry/material_override = null
geometry/cast_shadow = 0
geometry/receive_shadows = false
geometry/range_begin = 0.0
geometry/range_end = 0.0
geometry/extra_cull_margin = 0.0
geometry/billboard = false
geometry/billboard_y = false
geometry/depth_scale = false
geometry/visible_in_all_rooms = false
geometry/use_baked_light = false
geometry/baked_light_tex_id = 0
material = ExtResource( 4 )
amount = 6
emitting = false
visibility = AABB( -4, -4, -4, 8, 8, 8 )
emission_extents = Vector3( 0.2, 0.3, 0.25 )
emission_base_velocity = Vector3( 0, 0, 0 )
emission_points = Vector3Array(  )
gravity_normal = Vector3( 0, 0, 0 )
local_coords = true
emit_timeout = 0.18
vars/lifetime = 0.2
vars/spread = 1.0
vars/gravity = 0.0
vars/linear_vel = 0.0
vars/angular_vel = 0.0
vars/linear_accel = 0.0
vars/radial_accel = 0.0
vars/tan_accel = -2.23517e-06
vars/damping = 0.0
vars/initial_size = 0.16
vars/final_size = 0.0
vars/initial_angle = 0.0
vars/height_from_velocity = false
vars/height = 0.2
vars/height_speed_scale = 0.0
rand/lifetime = 0.0
rand/spread = 4.0
rand/gravity = 0.0
rand/linear_vel = 0.0
rand/angular_vel = 8.0
rand/linear_accel = 0.0
rand/radial_accel = 0.0
rand/tan_accel = 0.0
rand/damping = 0.0
rand/initial_size = 0.0
rand/final_size = 0.0
rand/initial_angle = 0.0
rand/height = 0.0
rand/height_speed_scale = 0.0
color_phases/count = 0
phase_0/pos = 0.0
phase_0/color = Color( 1, 1, 1, 1 )
phase_1/pos = 1.0
phase_1/color = Color( 0, 0, 0, 1 )
phase_2/pos = 1.0
phase_2/color = Color( 0, 0, 0, 1 )
phase_3/pos = 1.0
phase_3/color = Color( 0, 0, 0, 1 )


